Version 0.9.7
7
 4 10 175 77 128 0 1
 5 113 192 206 81 2 2
 0 115 104 877 276 8 3
 1 106 413 206 81 140 4
 3 557 431 203 58 150 5
 1 328 416 206 81 159 9
 1 767 407 206 81 321 10
 0
47
 0 5 71 189 71 189 71 115 168 115 168 118 168 118 0 1 0 3
 0 5 71 288 71 288 71 366 168 366 168 365 168 365 0 1 0 3
 0 5 532 313 532 313 532 313 532 365 532 365 532 365 0 3 0 3
 0 5 454 118 454 118 454 118 454 170 454 170 454 170 0 3 0 3
 8388672 5 162 424 162 401 95 401 95 219 467 219 467 209 0 4 0 3
 8388672 5 384 427 384 401 95 401 95 219 480 219 480 209 0 9 0 3
 33023 5 181 424 181 424 187 424 187 253 454 253 454 274 0 4 0 3
 33023 5 403 427 403 427 416 427 416 254 467 254 467 274 0 9 0 3
 0 5 584 118 584 118 584 118 584 170 584 170 584 170 0 3 0 3
 0 5 662 365 662 365 662 365 662 313 662 313 662 313 0 3 0 3
 0 5 701 170 701 170 701 170 701 118 701 118 701 118 0 3 0 3
 0 5 779 365 779 365 779 365 779 313 779 313 779 313 0 3 0 3
 0 5 818 170 818 170 818 170 818 118 818 118 818 118 0 3 0 3
 0 5 909 313 909 313 909 313 909 365 909 365 909 365 0 3 0 3
 4194368 5 597 183 597 183 597 182 714 182 714 183 714 183 0 3 0 3
 0 5 181 118 181 115 12 115 12 424 121 424 121 424 0 3 0 4
 0 5 181 365 181 365 12 365 12 424 121 424 121 482 0 3 0 4
 0 5 298 118 298 118 293 118 293 427 343 427 343 427 0 3 0 9
 0 5 343 485 343 485 338 485 338 365 337 365 337 365 0 9 0 3
 0 5 363 196 363 196 363 179 194 179 194 365 194 365 0 3 0 3
 0 5 194 118 194 118 194 287 363 287 363 274 363 274 0 3 0 3
 33023 5 376 287 376 287 376 404 844 404 844 287 844 287 0 3 0 3
 65793 5 568 468 568 468 568 365 568 365 545 365 545 365 0 5 0 3
 65793 5 782 476 782 476 796 476 796 365 792 365 792 365 0 10 0 3
 65793 5 782 418 782 418 797 418 797 118 779 118 779 118 0 10 0 3
 255 5 831 274 831 274 835 274 835 418 823 418 823 418 0 3 0 10
 255 5 844 209 844 214 851 214 851 418 842 418 842 418 0 3 0 10
 8453888 5 909 209 1002 209 1002 497 603 497 603 475 603 475 0 3 0 5
 8453888 5 896 287 1002 287 1002 497 623 497 623 475 623 475 0 3 0 5
 8453888 5 818 274 818 274 889 274 889 418 861 418 861 418 0 3 0 10
 8453888 5 831 209 831 209 818 209 818 418 880 418 880 418 0 3 0 10
 33023 5 480 274 480 274 480 262 883 262 883 287 883 287 0 3 0 3
 33023 5 454 287 454 287 454 295 584 295 584 287 584 287 0 3 0 3
 33023 5 467 287 467 287 467 284 597 284 597 274 597 274 0 3 0 3
 33023 5 584 274 584 274 584 270 701 270 701 274 701 274 0 3 0 3
 8388863 5 402 287 402 287 402 300 402 300 454 300 454 300 0 3 0 3
 8388863 5 389 287 389 287 389 313 389 313 467 313 467 313 0 3 0 3
 33023 5 714 287 714 287 714 290 857 290 857 287 857 287 0 3 0 3
 33023 5 610 287 610 287 610 298 870 298 870 287 870 287 0 3 0 3
 4194368 5 467 196 467 196 467 187 597 187 597 196 597 196 0 3 0 3
 4194368 5 480 196 480 196 480 187 610 187 610 196 610 196 0 3 0 3
 4194368 5 493 209 493 209 493 164 896 164 896 209 896 209 0 3 0 3
 4194368 5 623 196 623 196 623 166 883 166 883 209 883 209 0 3 0 3
 4194368 5 727 183 727 183 727 164 870 164 870 183 870 183 0 3 0 3
 8388863 5 467 183 467 183 467 178 389 178 389 183 389 183 0 3 0 3
 8388863 5 480 183 480 183 480 172 376 172 376 183 376 183 0 3 0 3
 4194368 5 402 209 402 209 402 164 857 164 857 209 857 209 0 3 0 3
5
 7083 1 16 305 222 5 0 1980902220 1955227999 3
 7008 1 14 448 222 5 0 1980902220 1955227999 3
 7032 1 14 578 222 5 0 1980902220 1955227999 3
 7004 1 14 695 222 5 0 1980902220 1955227999 3
 7153 1 16 812 222 5 0 1980902220 1955227999 3
