Version 0.9.7
7
 4 15 267 77 128 0 1
 5 80 400 206 81 2 2
 0 110 110 877 276 8 3
 1 173 14 206 81 140 4
 3 337 431 203 58 150 5
 1 429 14 206 81 159 6
 1 644 15 206 81 169 7
 0
30
 16711680 5 76 367 76 367 176 367 176 367 176 358 176 358 0 1 0 3
 16512 5 76 281 76 281 76 137 76 137 189 137 189 137 0 1 0 3
 16512 5 267 137 267 137 258 137 258 215 267 215 267 215 0 3 0 3
 16711680 5 410 280 410 280 421 280 421 358 410 358 410 358 0 3 0 3
 65793 5 188 83 188 110 1000 110 1000 384 930 384 930 358 0 4 0 3
 8388863 5 444 83 444 103 1014 103 1014 392 917 392 917 358 0 6 0 3
 32896 5 280 137 280 126 166 126 166 35 188 35 188 25 0 3 0 4
 16777088 5 436 137 436 137 419 137 419 25 444 25 444 25 0 3 0 6
 65535 5 659 26 659 26 646 26 646 137 670 137 670 137 0 7 0 3
 255 5 659 84 659 96 1028 96 1028 405 904 405 904 358 0 7 0 3
 33023 5 286 25 286 16 123 16 123 292 280 292 280 280 0 4 0 3
 33023 5 267 25 267 9 142 9 142 208 280 208 280 215 0 4 0 3
 33023 5 306 215 306 215 306 222 149 222 149 25 248 25 0 3 0 4
 33023 5 332 215 332 199 107 199 107 2 229 2 229 25 0 3 0 4
 65408 5 371 280 371 325 598 325 598 499 523 499 523 475 0 3 0 5
 65408 5 384 280 384 317 581 317 581 508 503 508 503 475 0 3 0 5
 65408 5 397 280 397 296 564 296 564 491 483 491 483 475 0 3 0 5
 65408 5 410 215 410 274 537 274 537 519 463 519 463 475 0 3 0 5
 65793 5 189 358 189 358 189 468 189 468 348 468 348 468 0 3 0 5
 65280 5 371 215 371 334 551 334 551 531 443 531 443 475 0 3 0 5
 16744448 5 358 280 358 265 678 265 678 26 757 26 757 26 0 3 0 7
 16744703 5 345 280 345 287 378 287 378 9 305 9 305 25 0 3 0 4
 4194368 5 833 26 843 26 843 425 332 425 332 280 332 280 0 7 0 3
 4194368 5 814 26 822 26 822 414 319 414 319 280 319 280 0 7 0 3
 4194368 5 795 26 795 26 806 26 806 404 306 404 306 280 0 7 0 3
 4194368 5 776 26 786 26 786 394 293 394 293 280 293 280 0 7 0 3
 65535 5 618 25 630 25 630 173 268 173 268 280 267 280 0 6 0 3
 65535 5 599 25 599 25 609 25 609 182 293 182 293 215 0 6 0 3
 65535 5 319 215 319 162 590 162 590 25 580 25 580 25 0 3 0 6
 65535 5 345 215 345 193 571 193 571 25 561 25 561 25 0 3 0 6
1
 7181 1 24 261 228 5 0 1980902220 1955227999 3
